1896.4204
1896.4204
1890.2954
1890.2954
1959.6865
1959.6865
1912.9288
1912.9288
1935.0745
1935.0745
1926.6625
1926.6625
1888.9219
1888.9219
1907.8679
1907.8679
1885.8511
1885.8511
1825.3521
1825.3521
1959.7088
1959.7088
1955.9419
1955.9419
1955.5035
1955.5035
1882.9664
1882.9664
1882.7160
1882.7160
1820.9408
1820.9408
1836.8112
1836.8112
1833.9049
1833.9049
1905.0410
1905.0410
1807.7239
1807.7239
1721.8290
1721.8290
1917.5455
1917.5455
1946.9873
1946.9873
1961.1437
1961.1437
1961.2263
1961.2263
1950.7079
1950.7079
1928.2112
1928.2112
1871.5084
1871.5084
1825.9936
1825.9936
1802.3154
1802.3154
1808.5388
1808.5388
1878.1536
1878.1536
1891.1259
1891.1259
1890.8204
1890.8204
1969.1120
1969.1120
1957.3806
1957.3806
1995.3052
1995.3052
1956.7962
1956.7962
1878.7691
1878.7691
