1806.9666
1806.9666
1850.2203
1850.2203
1915.3594
1915.3594
1880.0648
1880.0648
1855.3440
1855.3440
1845.2381
1845.2381
1858.3812
1858.3812
1834.3949
1834.3949
1864.8249
1864.8249
1592.0072
1592.0072
1787.0135
1787.0135
1849.2575
1849.2575
1867.3127
1867.3127
1792.1147
1792.1147
1784.6694
1784.6694
1760.4527
1760.4527
1795.9682
1795.9682
1794.0490
1794.0490
1849.3930
1849.3930
1868.6297
1868.6297
1794.2584
1794.2584
1876.4660
1876.4660
1931.6795
1931.6795
1881.5944
1881.5944
1885.9744
1885.9744
1831.9708
1831.9708
1815.4734
1815.4734
1733.8049
1733.8049
1753.7827
1753.7827
1720.5291
1720.5291
1716.1550
1716.1550
1793.5219
1793.5219
1825.9885
1825.9885
1807.9316
1807.9316
1888.2894
1888.2894
1942.9590
1942.9590
1923.0769
1923.0769
1925.7316
1925.7316
1819.1346
1819.1346
