1792.9793
1792.9793
1779.1898
1779.1898
1905.6261
1905.6261
1846.7417
1846.7417
1861.2693
1861.2693
1826.9325
1826.9325
1860.9188
1860.9188
1847.0646
1847.0646
1732.3556
1732.3556
1663.6714
1663.6714
1742.1757
1742.1757
1739.1304
1739.1304
1775.1794
1775.1794
1786.0414
1786.0414
1785.0176
1785.0176
1736.4341
1736.4341
1782.4664
1782.4664
1775.1479
1775.1479
1817.3346
1817.3346
1771.8121
1771.8121
1633.3938
1633.3938
1865.3816
1865.3816
1909.6757
1909.6757
1880.4921
1880.4921
1890.6878
1890.6878
1881.6388
1881.6388
1833.9133
1833.9133
1779.5485
1779.5485
1721.3737
1721.3737
1577.1297
1577.1297
1728.4785
1728.4785
1816.5386
1816.5386
1833.7756
1833.7756
1530.3604
1530.3604
1871.8540
1871.8540
1809.0285
1809.0285
1899.6772
1899.6772
1878.7879
1878.7879
1797.0714
1797.0714
