1806.9666
1806.9666
1850.2203
1850.2203
1915.3594
1915.3594
1880.0648
1880.0648
1855.3440
1855.3440
1845.2381
1845.2381
1785.3467
1785.3467
1676.8183
1676.8183
1503.5800
1503.5800
1544.3279
1544.3279
2018.4900
2018.4900
1693.1760
1693.1760
1827.3001
1827.3001
1792.1147
1792.1147
1784.6694
1784.6694
1760.4527
1760.4527
1795.9682
1795.9682
1794.0490
1794.0490
1849.3930
1849.3930
1868.6297
1868.6297
1794.2584
1794.2584
1876.4660
1876.4660
1931.6795
1931.6795
1881.5944
1881.5944
1885.9744
1885.9744
1831.9708
1831.9708
1818.1818
1818.1818
1827.4389
1827.4389
1735.8747
1735.8747
1082.0345
1082.0345
1607.4796
1607.4796
1617.8364
1617.8364
1598.6451
1598.6451
1807.9316
1807.9316
1888.2894
1888.2894
1942.9590
1942.9590
1923.0769
1923.0769
1925.7316
1925.7316
1819.1346
1819.1346
