1792.9793
1792.9793
1779.1898
1779.1898
1905.6261
1905.6261
1846.7417
1846.7417
1861.2693
1861.2693
1908.2795
1908.2795
1851.7081
1851.7081
1755.6035
1755.6035
1575.3938
1575.3938
978.1132
978.1132
1611.1840
1611.1840
1723.6876
1723.6876
1792.0057
1792.0057
1771.9219
1771.9219
1785.0176
1785.0176
1736.4341
1736.4341
1782.4664
1782.4664
1775.1479
1775.1479
1817.3346
1817.3346
1771.8121
1771.8121
1633.3938
1633.3938
1865.3816
1865.3816
1909.6757
1909.6757
1880.4921
1880.4921
1890.6878
1890.6878
1906.3237
1906.3237
1834.2583
1834.2583
1778.9185
1778.9185
1716.1605
1716.1605
1030.7986
1030.7986
1663.2794
1663.2794
1728.5862
1728.5862
1787.1987
1787.1987
1856.6580
1856.6580
1871.8540
1871.8540
1809.0285
1809.0285
1899.6772
1899.6772
1878.7879
1878.7879
1797.0714
1797.0714
