1806.9666
1806.9666
1850.2203
1850.2203
1915.3594
1915.3594
1880.0648
1880.0648
1855.3440
1855.3440
1950.9125
1950.9125
1860.9188
1860.9188
1801.9059
1801.9059
1696.8935
1696.8935
1541.7559
1541.7559
1638.4558
1638.4558
1706.3082
1706.3082
1770.1616
1770.1616
1773.5334
1773.5334
1784.6694
1784.6694
1760.4527
1760.4527
1795.9682
1795.9682
1794.0490
1794.0490
1849.3930
1849.3930
1868.6297
1868.6297
1794.2584
1794.2584
1876.4660
1876.4660
1931.6795
1931.6795
1881.5944
1881.5944
1885.9744
1885.9744
1902.6187
1902.6187
1832.8790
1832.8790
1742.8249
1742.8249
1657.4586
1657.4586
959.9664
959.9664
1638.5040
1638.5040
1777.5027
1777.5027
1769.5473
1769.5473
1852.9588
1852.9588
1888.2894
1888.2894
1942.9590
1942.9590
1923.0769
1923.0769
1925.7316
1925.7316
1819.1346
1819.1346
