1792.9793
1792.9793
1779.1898
1779.1898
1905.6261
1905.6261
1846.7417
1846.7417
1906.8459
1906.8459
1860.3721
1860.3721
1859.2867
1859.2867
1747.0835
1747.0835
1508.0188
1508.0188
898.2534
898.2534
1473.0135
1473.0135
1479.7100
1479.7100
1700.0339
1700.0339
1692.1208
1692.1208
1761.9873
1761.9873
1736.4341
1736.4341
1782.4664
1782.4664
1775.1479
1775.1479
1817.3346
1817.3346
1771.8121
1771.8121
1633.3938
1633.3938
1865.3816
1865.3816
1909.6757
1909.6757
1880.4921
1880.4921
1912.7185
1912.7185
1872.3576
1872.3576
1811.9309
1811.9309
1702.9569
1702.9569
1658.2669
1658.2669
948.2281
948.2281
1541.4752
1541.4752
1606.8431
1606.8431
1598.9093
1598.9093
1781.4386
1781.4386
1891.0902
1891.0902
1809.0285
1809.0285
1899.6772
1899.6772
1878.7879
1878.7879
1797.0714
1797.0714
