1806.9666
1806.9666
1850.2203
1850.2203
1915.3594
1915.3594
1880.0648
1880.0648
1975.8152
1975.8152
1872.9232
1872.9232
1829.1631
1829.1631
1770.0454
1770.0454
1225.1248
1225.1248
878.9221
878.9221
1416.8289
1416.8289
1476.9506
1476.9506
1718.9913
1718.9913
1499.1927
1499.1927
1816.9182
1816.9182
1760.4527
1760.4527
1795.9682
1795.9682
1794.0490
1794.0490
1849.3930
1849.3930
1868.6297
1868.6297
1794.2584
1794.2584
1876.4660
1876.4660
1931.6795
1931.6795
1881.5944
1881.5944
1916.5106
1916.5106
1899.1219
1899.1219
1862.1085
1862.1085
1750.2612
1750.2612
1669.9411
1669.9411
1581.4992
1581.4992
1528.3484
1528.3484
1563.1076
1563.1076
1788.3549
1788.3549
1818.3596
1818.3596
1910.5212
1910.5212
1942.9590
1942.9590
1923.0769
1923.0769
1925.7316
1925.7316
1819.1346
1819.1346
