1792.9793
1792.9793
1779.1898
1779.1898
1905.6261
1905.6261
1952.2046
1952.2046
1894.6061
1894.6061
1846.3371
1846.3371
1794.2449
1794.2449
1705.5394
1705.5394
1255.0634
1255.0634
848.0195
848.0195
1376.9182
1376.9182
1442.6230
1442.6230
1675.7254
1675.7254
1492.3089
1492.3089
1770.1683
1770.1683
1754.0196
1754.0196
1782.4664
1782.4664
1775.1479
1775.1479
1817.3346
1817.3346
1771.8121
1771.8121
1633.3938
1633.3938
1865.3816
1865.3816
1909.6757
1909.6757
1893.5819
1893.5819
1888.2257
1888.2257
1872.5461
1872.5461
1765.3449
1765.3449
1701.5153
1701.5153
1612.6482
1612.6482
1123.3805
1123.3805
1084.7206
1084.7206
1051.2003
1051.2003
994.2963
994.2963
1663.5364
1663.5364
1787.6815
1787.6815
1927.3842
1927.3842
1899.6772
1899.6772
1878.7879
1878.7879
1797.0714
1797.0714
