1806.9666
1806.9666
1850.2203
1850.2203
1915.3594
1915.3594
1880.0648
1880.0648
1988.9142
1988.9142
1890.8204
1890.8204
1822.6977
1822.6977
1719.3240
1719.3240
1648.9269
1648.9269
1079.3404
1079.3404
1552.0101
1552.0101
1450.8683
1450.8683
1712.3814
1712.3814
1694.9153
1694.9153
1790.9571
1790.9571
1789.7092
1789.7092
1795.9682
1795.9682
1794.0490
1794.0490
1849.3930
1849.3930
1868.6297
1868.6297
1794.2584
1794.2584
1876.4660
1876.4660
1931.6795
1931.6795
1881.5944
1881.5944
1913.5599
1913.5599
1876.1348
1876.1348
1813.4474
1813.4474
1724.8777
1724.8777
1608.4523
1608.4523
1045.4291
1045.4291
1070.0837
1070.0837
1420.8964
1420.8964
1462.0325
1462.0325
1709.7160
1709.7160
1829.4558
1829.4558
1942.9590
1942.9590
1923.0769
1923.0769
1925.7316
1925.7316
1819.1346
1819.1346
