1792.9793
1792.9793
1779.1898
1779.1898
1905.6261
1905.6261
1904.7619
1904.7619
1899.7197
1899.7197
1809.1625
1809.1625
1734.7032
1734.7032
1601.2317
1601.2317
1226.3967
1226.3967
1060.8458
1060.8458
1036.0099
1036.0099
1381.7167
1381.7167
1450.2822
1450.2822
1449.3831
1449.3831
1663.6364
1663.6364
1701.9552
1701.9552
1782.4664
1782.4664
1775.1479
1775.1479
1817.3346
1817.3346
1771.8121
1771.8121
1633.3938
1633.3938
1865.3816
1865.3816
1909.6757
1909.6757
1924.2297
1924.2297
1871.1689
1871.1689
1819.6048
1819.6048
1720.0318
1720.0318
1645.2484
1645.2484
1325.0195
1325.0195
967.1498
967.1498
1067.2370
1067.2370
861.1087
861.1087
980.4418
980.4418
1460.5418
1460.5418
1749.1426
1749.1426
1886.0307
1886.0307
1899.6772
1899.6772
1878.7879
1878.7879
1797.0714
1797.0714
