1792.9793
1792.9793
1779.1898
1779.1898
1905.6261
1905.6261
1846.7417
1846.7417
1861.2693
1861.2693
1826.9325
1826.9325
1850.0921
1850.0921
1817.8287
1817.8287
1731.0863
1731.0863
1568.3743
1568.3743
1842.8210
1842.8210
1877.4891
1877.4891
1812.7544
1812.7544
1786.0414
1786.0414
1785.0176
1785.0176
1736.4341
1736.4341
1782.4664
1782.4664
1775.1479
1775.1479
1817.3346
1817.3346
1771.8121
1771.8121
1633.3938
1633.3938
1865.3816
1865.3816
1909.6757
1909.6757
1880.4921
1880.4921
1890.6878
1890.6878
1881.6388
1881.6388
1839.4491
1839.4491
1737.7021
1737.7021
1716.1605
1716.1605
1562.6188
1562.6188
1708.8449
1708.8449
1763.9315
1763.9315
1782.2603
1782.2603
1530.3604
1530.3604
1871.8540
1871.8540
1809.0285
1809.0285
1899.6772
1899.6772
1878.7879
1878.7879
1797.0714
1797.0714
