1806.9666
1806.9666
1850.2203
1850.2203
1915.3594
1915.3594
1918.8355
1918.8355
1884.4609
1884.4609
1772.2725
1772.2725
1676.1838
1676.1838
1635.3630
1635.3630
1535.3371
1535.3371
1252.4966
1252.4966
1149.7952
1149.7952
1390.9378
1390.9378
1565.3804
1565.3804
1452.4058
1452.4058
1720.8952
1720.8952
1715.5111
1715.5111
1795.9682
1795.9682
1794.0490
1794.0490
1849.3930
1849.3930
1868.6297
1868.6297
1794.2584
1794.2584
1876.4660
1876.4660
1931.6795
1931.6795
1895.5947
1895.5947
1837.3812
1837.3812
1754.0551
1754.0551
1733.7957
1733.7957
1734.4033
1734.4033
1725.7423
1725.7423
1466.2861
1466.2861
1473.7449
1473.7449
1780.6520
1780.6520
1720.4588
1720.4588
1632.0084
1632.0084
1747.4302
1747.4302
1848.5020
1848.5020
1923.0769
1923.0769
1925.7316
1925.7316
1819.1346
1819.1346
