1792.9793
1792.9793
1779.1898
1779.1898
1958.7116
1958.7116
1843.6109
1843.6109
1824.5264
1824.5264
1706.7352
1706.7352
1651.9481
1651.9481
1266.6622
1266.6622
1178.5982
1178.5982
921.4580
921.4580
1115.9066
1115.9066
1203.0623
1203.0623
1385.4131
1385.4131
1337.9992
1337.9992
1472.8370
1472.8370
1653.0552
1653.0552
1817.0581
1817.0581
1775.1479
1775.1479
1817.3346
1817.3346
1771.8121
1771.8121
1633.3938
1633.3938
1865.3816
1865.3816
1991.8926
1991.8926
1889.5691
1889.5691
1822.9439
1822.9439
1757.3696
1757.3696
1635.4944
1635.4944
1564.4458
1564.4458
1231.1406
1231.1406
1097.1703
1097.1703
1135.7833
1135.7833
1038.0623
1038.0623
1180.3099
1180.3099
1212.5953
1212.5953
1494.0989
1494.0989
1514.4498
1514.4498
1903.4586
1903.4586
1878.7879
1878.7879
1797.0714
1797.0714
