1806.9666
1806.9666
1850.2203
1850.2203
1960.4182
1960.4182
1843.8063
1843.8063
1800.2951
1800.2951
1673.7155
1673.7155
1612.9850
1612.9850
1264.5231
1264.5231
1049.0675
1049.0675
948.5703
948.5703
1145.1049
1145.1049
1191.3357
1191.3357
1353.8711
1353.8711
1335.1592
1335.1592
1567.4518
1567.4518
1646.5745
1646.5745
1767.8894
1767.8894
1794.0490
1794.0490
1849.3930
1849.3930
1868.6297
1868.6297
1794.2584
1794.2584
1876.4660
1876.4660
1893.6877
1893.6877
1840.3853
1840.3853
1758.1085
1758.1085
1634.4464
1634.4464
1421.4900
1421.4900
1434.1777
1434.1777
1277.3151
1277.3151
1199.2997
1199.2997
1438.7174
1438.7174
1715.8955
1715.8955
1186.6070
1186.6070
1313.3738
1313.3738
1617.4339
1617.4339
1583.2284
1583.2284
1759.2273
1759.2273
1925.7316
1925.7316
1819.1346
1819.1346
