1792.9793
1792.9793
1779.1898
1779.1898
1842.9675
1842.9675
1663.4799
1663.4799
1713.4831
1713.4831
1450.0663
1450.0663
1386.9303
1386.9303
1249.9165
1249.9165
839.8134
839.8134
784.9471
784.9471
1043.4921
1043.4921
1115.8073
1115.8073
1184.9574
1184.9574
1190.0403
1190.0403
1369.3505
1369.3505
1393.7282
1393.7282
1613.4343
1613.4343
1775.1479
1775.1479
1817.3346
1817.3346
1771.8121
1771.8121
1633.3938
1633.3938
1865.3816
1865.3816
1790.8760
1790.8760
1703.8217
1703.8217
1625.1051
1625.1051
1452.6710
1452.6710
1325.8992
1325.8992
1238.9053
1238.9053
1173.4929
1173.4929
1017.3267
1017.3267
989.9840
989.9840
635.4124
635.4124
1011.7647
1011.7647
1179.1556
1179.1556
1355.4560
1355.4560
1403.1926
1403.1926
1756.8033
1756.8033
1878.7879
1878.7879
1797.0714
1797.0714
