1806.9666
1806.9666
1703.8540
1703.8540
1729.0592
1729.0592
1546.6667
1546.6667
1449.2754
1449.2754
1319.4297
1319.4297
1261.1541
1261.1541
1133.7896
1133.7896
782.2200
782.2200
641.0764
641.0764
993.5282
993.5282
1612.7718
1612.7718
1200.8629
1200.8629
1065.4573
1065.4573
1205.9308
1205.9308
1216.0695
1216.0695
1553.2544
1553.2544
1653.2258
1653.2258
1849.3930
1849.3930
1868.6297
1868.6297
1794.2584
1794.2584
1876.4660
1876.4660
1498.5803
1498.5803
1394.3185
1394.3185
1274.6319
1274.6319
1247.1503
1247.1503
1253.8580
1253.8580
1183.7456
1183.7456
1115.4856
1115.4856
674.4339
674.4339
963.3222
963.3222
919.6
919.6
917.1485
917.1485
1057.8400
1057.8400
1284.4499
1284.4499
1399.5891
1399.5891
1528.7770
1528.7770
1925.7316
1925.7316
1819.1346
1819.1346
