1792.9793
1792.9793
1740.2564
1740.2564
1726.7843
1726.7843
1562.6403
1562.6403
1502.7098
1502.7098
1377.5737
1377.5737
1336.0409
1336.0409
1122.1003
1122.1003
1035.7867
1035.7867
746.4005
746.4005
1019.7727
1019.7727
1073.8109
1073.8109
1157.9799
1157.9799
1134.6445
1134.6445
1227.7759
1227.7759
1224.3113
1224.3113
1464.8729
1464.8729
1600.5205
1600.5205
1817.3346
1817.3346
1771.8121
1771.8121
1633.3938
1633.3938
1642.2608
1642.2608
1562.6713
1562.6713
1469.7802
1469.7802
1396.6929
1396.6929
1327.2442
1327.2442
1255.2301
1255.2301
1167.7899
1167.7899
1089.5690
1089.5690
1046.0677
1046.0677
955.6728
955.6728
889.2625
889.2625
956.4530
956.4530
1030.3567
1030.3567
1174.6512
1174.6512
1311.9884
1311.9884
1472.4281
1472.4281
1587.0307
1587.0307
1797.0714
1797.0714
