1727.3673
1727.3673
1561.8826
1561.8826
1589.3037
1589.3037
1509.2376
1509.2376
1439.6979
1439.6979
1315.2312
1315.2312
1208.9722
1208.9722
1069.7143
1069.7143
802.4115
802.4115
730.6073
730.6073
879.7851
879.7851
941.7360
941.7360
1042.2301
1042.2301
1006.7634
1006.7634
1151.7402
1151.7402
1139.5238
1139.5238
1270.5272
1270.5272
1514.7783
1514.7783
1722.3105
1722.3105
1845.6376
1845.6376
1601.7085
1601.7085
1574.5965
1574.5965
1507.2985
1507.2985
1434.4445
1434.4445
1354.1910
1354.1910
1231.6250
1231.6250
1193.5365
1193.5365
1093.4015
1093.4015
1029.6270
1029.6270
915.8570
915.8570
777.4147
777.4147
797.6507
797.6507
862.7224
862.7224
1004.1570
1004.1570
1065.0993
1065.0993
1193.8664
1193.8664
1396.4951
1396.4951
1489.5889
1489.5889
1427.5643
1427.5643
